7.745742657708767
8.182046646646219
10.811187772291
6.105219835204878
8.204705523676912
8.573349845196159
9.08871430011915
6.070863195024138
9.085893870607203
7.3296333595209315
8.818011061080814
7.802542939129022
9.614929331980646
11.77509465297683
9.785510884326936
8.527488258551301
8.564978609681967
5.906233735746837
9.093538969842932
10.273928788224381
8.999714951747208
6.140230213335264
9.319186487435784
6.068785443942043
9.997647976212654
7.941935341893261
7.315242570840494
7.850685770543688
11.292999483616907
9.827651952495154
6.536701878404137
6.341643239872795
8.19888230373548
6.042966437728935
6.419381302554235
8.154384913446338
10.703220971709404
10.176015706808988
7.037332873385427
9.834183748209064
7.553291259949841
8.457183247333868
8.288194447452565
7.40340188236572
6.44536792489011
10.455448068773393
7.7843531472216805
5.922704438841089
9.341046985544546
12.621917881129592
8.06460155327044
5.710587371426756
6.187929699916416
8.313408800880154
5.596646983186046
6.601812684882705
8.306456891750557
10.572120618299069
8.559228157832647
8.357468186066539
8.325460233042753
6.333492930180244
11.673032078716863
9.52168858029952
7.601995278184758
6.821161653135667
9.728900041368972
6.348782507750645
8.803962118816095
10.071593013544264
5.5548422756593805
7.214834146140384
8.391370415813162
7.043233672738793
5.830439659862176
6.019093174165799
5.143405045511243
7.385460320390429
9.122064041355555
6.771440971033031
9.164082486592825
8.148442960663072
6.095856355907531
7.990740124406446
7.386962260697852
7.482791687305619
6.7105081146376335
12.359417012620375
3.682238637710508
8.633391697868225
9.777199213993763
6.330398360757524
6.870736826409392
9.28638335443221
8.534660633511931
8.503006015133474
7.13040897526558
7.569840408648837
8.217203070201656
6.328908356482429
