7.970568336990298
8.247108986666284
10.682056251980915
5.784438373841054
8.374816745319531
8.604496959748003
9.378290140649906
6.423632062619737
10.645228307540682
6.816744787854859
9.039789051884027
7.7168987624060845
9.693080389641992
11.870745313024836
9.761144344670116
8.017448428089944
8.75673392537313
6.010830765081394
8.950897333942152
10.770779755594349
9.275979662604666
6.238142900167803
9.510802301883077
5.706224926541966
9.568456731746283
7.541184129515514
7.575886625817011
7.9589295277729395
10.842342313122623
8.221324259930737
6.510959531671142
6.170052554903637
8.323651403616099
6.149171844591517
6.218968133799802
7.879485230665708
10.881090504819623
10.40746468592923
7.3220643929210025
10.771362345645166
7.232951698669976
8.261800899142038
8.499826411928613
7.48920477379559
6.532258334880328
10.422216726468527
7.536390497912194
5.904420936927388
9.529314424399443
12.84100115725352
8.192212649728036
5.7147698963254285
6.032174696737877
8.39927954182693
5.711548563490126
6.125423066545148
8.351649560497117
10.946099537549358
8.961365686648085
8.393950328430314
8.182983055931572
6.205599315487392
11.976778253214015
9.840616645728277
7.87852215175523
7.433713472698642
10.159693714328965
6.808848562063288
8.497970728401937
10.002933259778219
5.5998053929350355
6.760694943401186
8.511659391150149
7.190355142022095
5.569174687316216
6.1054735990321305
5.193609379018129
7.409353996219525
8.989009550333314
6.623399332057441
9.068046699314083
8.366020900064612
5.857433626010144
7.611035947604558
7.354663123242431
7.136071232831776
6.735342745269286
11.999879019364815
4.3547290852238625
8.34451655534765
9.939174803036625
6.485059393395101
6.591214021135622
9.546651897674758
8.051074806587103
8.682685381785442
7.1027690135351875
7.795504946954124
8.070102377293194
6.379186673833276
