7.946449013827143
8.306740592240393
10.815655438686615
5.7747785444301325
8.030099167255788
8.270661595763958
9.456876006620922
6.416534119403308
11.063302586921331
7.543295756490207
9.746375429699238
7.8769548043536375
9.843219898273116
12.680619609457572
9.914786020097555
8.244611497222664
8.772619585716123
5.778060687124353
8.671698630270802
10.742001843182429
8.9325218595004
6.097461246136292
9.014199658546135
6.316700620079984
9.398706038309378
7.805564208073423
7.634820414667998
8.089069026004328
10.62174906864039
10.286054584306905
6.481248770520448
6.24159707335999
8.122558337302712
5.747986080765156
6.279030487484041
7.942209423966592
11.012201582043273
10.45817150948134
6.988717599612284
10.699242565287408
8.503298351919861
8.257314767892849
8.443125361348509
7.474359554395685
7.042910518815802
10.407566999643008
7.5716132239200675
6.326329964706676
9.382195806439768
12.439946082274318
7.905101710186334
5.869482603993054
6.384226901437509
7.913704036439304
5.937631121917957
6.303082826444917
8.286872538039884
10.457685413815733
9.163376625438387
8.606425749958781
8.200549171682244
6.491534761880507
11.897691330838345
8.889849036754397
8.138587030102487
8.548403679625947
10.442412099856725
6.715907831809112
8.374312900506903
9.430586199271483
5.206711986748593
6.979512261102402
8.4409715599132
7.498872750096198
5.92380063639082
6.100458837979948
4.766558625127258
7.54061177937979
8.980460992414695
6.4570655952936065
8.892723474587289
8.976567833414624
6.250340189238656
7.733813495890573
7.946151152763953
7.674509427475697
6.830867383618993
11.325565521545892
4.5685829898420725
8.452356757227365
10.346403149794122
6.648800087551337
6.997824571699053
9.274933873183384
8.383988173825779
9.243074485495159
7.630325720661158
7.674430617091353
8.05798629545633
6.2559339901554365
