8.688905192330145
8.282789759486556
10.980803984075726
5.846451885543754
7.937802520592188
8.567998731340566
9.148472235633864
6.214274323242035
10.547090710544364
7.07009747103754
9.116799285694603
8.084190943651619
9.870121053203725
12.091993051811455
9.482523054834413
8.30441157116527
8.689324680715501
5.794395613357729
8.862614794948872
10.417761240862975
8.807681590379936
6.750992818357774
9.574059627262933
5.651378938908921
9.992074578453302
7.863438002713026
7.447533816646381
8.092370881814393
10.700346600620628
9.034589837211763
6.430450763627531
6.272561009247215
7.99556410080717
6.108071291067935
5.981444781476009
7.6942663486507
10.872345050422204
10.541934901317978
6.923383781882026
10.693419428297352
8.24964095106212
7.96805643041596
7.913730747448056
7.5751935016507295
6.455900097907462
10.421247752827396
7.564197498852342
6.2026767245946814
9.296364674226119
12.463532901480274
7.924450540048396
5.634226101134088
6.119060764561703
8.257567982020875
5.691547829912841
5.532285042395887
8.4373933603697
10.868800662183023
8.676174261648935
8.381633277673004
8.493816646715212
5.972909054200145
11.984680368104632
9.560232301930522
8.061466117858279
7.641043046603531
10.252392929521172
6.868120390363258
8.902614541303427
9.680605236655456
5.348261406294242
6.610199928311951
8.224660642575548
7.498252239854822
5.436305580270004
5.991513192002198
5.162197740264566
7.251481458665287
9.037269924090364
6.556014205315587
9.17246791928155
7.849863306470705
6.057336242286425
7.948934075896985
7.675933536099899
7.601385346344571
6.307778158562332
10.981900647879641
4.028180219813731
8.27404645183241
10.143266313009017
6.482990826735272
6.362976712311236
9.218224588693927
8.063051753371495
8.846073427500357
7.340432234595188
7.652193137229674
8.2868965290427
6.523548473496875
